0, 0, 0.00, 0.00, 0.00, 0.00
0, 0, 0.00, 0.00, 0.00, 0.00
1, 1, 10.50, 0.00, 10.50, 0.00
2, 1, 15.75, 0.07, 26.21, 1.10
3, 4, 36.75, 0.00, 62.96, 1.10
4, 3, 36.75, 0.07, 99.62, 3.67
4, 4, 42.00, 0.07, 141.52, 6.61
4, 5, 47.25, 0.00, 188.77, 6.61
4, 4, 42.00, 0.00, 230.77, 6.61
4, 4, 42.00, 0.00, 272.77, 6.61
4, 5, 47.25, 6.21, 319.90, 3.30
5, 4, 47.25, 6.28, 367.15, 3.30
4, 4, 42.00, 6.28, 409.15, 3.30
4, 5, 47.25, 6.21, 456.29, 0.00
4, 4, 42.00, 6.21, 498.18, -2.94
4, 5, 47.25, 6.14, 544.97, -9.53
4, 4, 42.00, 6.14, 586.56, -15.39
5, 4, 47.25, 6.21, 633.70, -18.70
4, 5, 47.25, 6.14, 680.48, -25.29
4, 4, 42.00, 6.14, 722.07, -31.15
5, 5, 52.50, 6.14, 774.06, -38.48
4, 4, 42.00, 6.14, 815.65, -44.34
4, 4, 42.00, 6.14, 857.24, -50.20
4, 5, 47.25, 6.07, 903.45, -60.05
5, 4, 47.25, 6.14, 950.24, -66.64
4, 5, 47.25, 6.07, 996.45, -76.49
5, 4, 47.25, 6.14, 1043.24, -83.08
4, 4, 42.00, 6.14, 1084.82, -88.95
5, 4, 47.25, 6.21, 1131.96, -92.25
5, 4, 47.25, 6.28, 1179.21, -92.25
4, 4, 42.00, 6.28, 1221.21, -92.25
4, 5, 47.25, 6.21, 1268.34, -95.56
5, 4, 47.25, 6.28, 1315.59, -95.56
4, 4, 42.00, 6.28, 1357.59, -95.56
5, 4, 47.25, 0.07, 1404.73, -92.25
4, 5, 47.25, 0.00, 1451.98, -92.25
5, 4, 47.25, 0.07, 1499.11, -88.95
4, 4, 42.00, 0.07, 1541.01, -86.01
4, 5, 47.25, 0.00, 1588.26, -86.01
4, 4, 42.00, 0.00, 1630.26, -86.01
5, 5, 52.50, 0.00, 1682.76, -86.01
4, 4, 42.00, 0.00, 1724.76, -86.01
4, 5, 47.25, 6.21, 1771.89, -89.31
4, 4, 42.00, 6.21, 1813.79, -92.25
5, 4, 47.25, 0.00, 1861.04, -92.25
4, 5, 47.25, 6.21, 1908.17, -95.56
4, 4, 42.00, 6.21, 1950.07, -98.49
4, 5, 47.25, 6.14, 1996.86, -105.09
5, 4, 47.25, 6.21, 2043.99, -108.39
4, 5, 47.25, 6.14, 2090.78, -114.98
4, 4, 42.00, 6.14, 2132.37, -120.85
4, 5, 47.25, 6.07, 2178.58, -130.69
4, 4, 42.00, 6.07, 2219.66, -139.45
5, 5, 52.50, 6.07, 2271.01, -150.39
4, 4, 42.00, 6.07, 2312.08, -159.15
4, 4, 42.00, 6.07, 2353.16, -167.90
4, 5, 47.25, 6.00, 2398.57, -180.96
5, 4, 47.25, 6.07, 2444.78, -190.81
4, 4, 42.00, 6.07, 2485.86, -199.57
4, 5, 47.25, 6.00, 2531.27, -212.63
5, 4, 47.25, 6.07, 2577.48, -222.48
4, 4, 42.00, 6.07, 2618.56, -231.23
5, 4, 47.25, 6.14, 2665.35, -237.82
5, 4, 47.25, 6.21, 2712.48, -241.13
4, 4, 42.00, 6.21, 2754.38, -244.07
5, 5, 52.50, 6.21, 2806.75, -247.74
5, 4, 47.25, 0.00, 2854.00, -247.74
4, 4, 42.00, 0.00, 2896.00, -247.74
5, 4, 47.25, 0.07, 2943.13, -244.43
4, 5, 47.25, 0.00, 2990.38, -244.43
5, 4, 47.25, 0.07, 3037.52, -241.13
4, 4, 42.00, 0.07, 3079.42, -238.19
4, 5, 47.25, 0.00, 3126.67, -238.19
5, 4, 47.25, 0.07, 3173.80, -234.89
4, 5, 47.25, 0.00, 3221.05, -234.89
4, 4, 42.00, 0.00, 3263.05, -234.89
5, 5, 52.50, 0.00, 3315.55, -234.89
4, 4, 42.00, 0.00, 3357.55, -234.89
4, 5, 47.25, 6.21, 3404.68, -238.19
4, 4, 42.00, 6.21, 3446.58, -241.13
5, 5, 52.50, 6.21, 3498.95, -244.80
4, 4, 42.00, 6.21, 3540.85, -247.74
4, 5, 47.25, 6.14, 3587.64, -254.33
4, 4, 42.00, 6.14, 3629.23, -260.19
5, 5, 52.50, 6.14, 3681.21, -267.52
4, 4, 42.00, 6.14, 3722.80, -273.38
4, 5, 47.25, 6.07, 3769.01, -283.23
4, 4, 42.00, 6.07, 3810.09, -291.98
5, 5, 52.50, 6.07, 3861.44, -302.93
4, 4, 42.00, 6.07, 3902.52, -311.68
5, 5, 52.50, 6.07, 3953.86, -322.63
4, 4, 42.00, 6.07, 3994.94, -331.38
4, 5, 47.25, 6.00, 4040.35, -344.44
5, 4, 47.25, 6.07, 4086.56, -354.29
4, 5, 47.25, 6.00, 4131.97, -367.35
5, 4, 47.25, 6.07, 4178.18, -377.20
4, 4, 42.00, 6.07, 4219.26, -385.95
5, 5, 52.50, 6.07, 4270.61, -396.90
5, 4, 47.25, 6.14, 4317.39, -403.49
4, 4, 42.00, 6.14, 4358.98, -409.35
5, 4, 47.25, 6.21, 4406.12, -412.66
4, 5, 47.25, 6.14, 4452.91, -419.25
5, 4, 47.25, 6.21, 4500.04, -422.55
4, 5, 47.25, 6.14, 4546.83, -429.15
5, 4, 47.25, 6.21, 4593.96, -432.45
4, 5, 47.25, 6.14, 4640.75, -439.05
4, 4, 42.00, 6.14, 4682.34, -444.91
5, 5, 52.50, 6.14, 4734.32, -452.23
4, 4, 42.00, 6.14, 4775.91, -458.09
4, 5, 47.25, 6.07, 4822.13, -467.94
5, 4, 47.25, 6.14, 4868.91, -474.54
4, 5, 47.25, 6.07, 4915.12, -484.39
4, 4, 42.00, 6.07, 4956.20, -493.14
5, 5, 52.50, 6.07, 5007.55, -504.09
4, 4, 42.00, 6.07, 5048.63, -512.84
5, 4, 47.25, 6.14, 5095.41, -519.43
5, 5, 52.50, 6.14, 5147.40, -526.76
5, 4, 47.25, 6.21, 5194.53, -530.07
4, 4, 42.00, 6.21, 5236.43, -533.00
5, 4, 47.25, 0.00, 5283.68, -533.00
4, 5, 47.25, 6.21, 5330.82, -536.31
5, 5, 52.50, 6.21, 5383.19, -539.98
4, 4, 42.00, 6.21, 5425.08, -542.92
4, 5, 47.25, 6.14, 5471.87, -549.51
5, 4, 47.25, 6.21, 5519.01, -552.82
4, 5, 47.25, 6.14, 5565.79, -559.41
4, 4, 42.00, 6.14, 5607.38, -565.27
5, 5, 52.50, 6.14, 5659.37, -572.60
4, 4, 42.00, 6.14, 5700.96, -578.46
4, 5, 47.25, 6.07, 5747.17, -588.31
5, 5, 52.50, 6.07, 5798.52, -599.25
4, 4, 42.00, 6.07, 5839.59, -608.01
5, 4, 47.25, 6.14, 5886.38, -614.60
4, 5, 47.25, 6.07, 5932.59, -624.45
4, 4, 42.00, 6.07, 5973.67, -633.20
5, 5, 52.50, 6.07, 6025.02, -644.15
4, 4, 42.00, 6.07, 6066.09, -652.90
5, 5, 52.50, 6.07, 6117.44, -663.85
4, 4, 42.00, 6.07, 6158.52, -672.60
5, 5, 52.50, 6.07, 6209.86, -683.55
5, 4, 47.25, 6.14, 6256.65, -690.14
4, 4, 42.00, 6.14, 6298.24, -696.00
5, 4, 47.25, 6.21, 6345.37, -699.31
5, 5, 52.50, 6.21, 6397.75, -702.98
4, 4, 42.00, 6.21, 6439.64, -705.92
4, 5, 47.25, 6.14, 6486.43, -712.51
5, 4, 47.25, 6.21, 6533.57, -715.81
5, 5, 52.50, 6.21, 6585.94, -719.49
4, 4, 42.00, 6.21, 6627.83, -722.42
4, 5, 47.25, 6.14, 6674.62, -729.02
5, 4, 47.25, 6.21, 6721.76, -732.32
4, 5, 47.25, 6.14, 6768.54, -738.91
5, 4, 47.25, 6.21, 6815.68, -742.22
4, 5, 47.25, 6.14, 6862.47, -748.81
4, 4, 42.00, 6.14, 6904.05, -754.67
4, 5, 47.25, 6.07, 6950.27, -764.52
5, 5, 52.50, 6.07, 7001.61, -775.47
4, 4, 42.00, 6.07, 7042.69, -784.22
5, 5, 52.50, 6.07, 7094.04, -795.17
4, 4, 42.00, 6.07, 7135.11, -803.92
4, 5, 47.25, 6.00, 7180.52, -816.98
5, 4, 47.25, 6.07, 7226.74, -826.83
4, 5, 47.25, 6.00, 7272.14, -839.89
5, 4, 47.25, 6.07, 7318.36, -849.74
4, 5, 47.25, 6.00, 7363.77, -862.80
4, 4, 42.00, 6.00, 7404.13, -874.40
5, 5, 52.50, 6.00, 7454.59, -888.91
5, 4, 47.25, 6.07, 7500.80, -898.76
4, 4, 42.00, 6.07, 7541.88, -907.52
5, 4, 47.25, 6.14, 7588.66, -914.11
5, 5, 52.50, 6.14, 7640.65, -921.44
4, 4, 42.00, 6.14, 7682.24, -927.30
5, 5, 52.50, 6.14, 7734.22, -934.62
4, 4, 42.00, 6.14, 7775.81, -940.48
4, 5, 47.25, 6.07, 7822.03, -950.33
5, 4, 47.25, 6.14, 7868.81, -956.93
4, 5, 47.25, 6.07, 7915.02, -966.78
4, 5, 47.25, 6.00, 7960.43, -979.83
5, 4, 47.25, 6.07, 8006.65, -989.68
4, 5, 47.25, 6.00, 8052.06, -1002.74
5, 4, 47.25, 6.07, 8098.27, -1012.59
4, 5, 47.25, 6.00, 8143.68, -1025.65
5, 4, 47.25, 6.07, 8189.89, -1035.50
5, 5, 52.50, 6.07, 8241.24, -1046.44
5, 4, 47.25, 6.14, 8288.02, -1053.04
4, 4, 42.00, 6.14, 8329.61, -1058.90
5, 5, 52.50, 6.14, 8381.60, -1066.22
5, 4, 47.25, 6.21, 8428.73, -1069.53
4, 5, 47.25, 6.14, 8475.52, -1076.12
5, 4, 47.25, 6.21, 8522.66, -1079.43
4, 5, 47.25, 6.14, 8569.45, -1086.02
5, 5, 52.50, 6.14, 8621.43, -1093.34
4, 5, 47.25, 6.07, 8667.64, -1103.19
5, 4, 47.25, 6.14, 8714.43, -1109.79
4, 5, 47.25, 6.07, 8760.64, -1119.64
5, 5, 52.50, 6.07, 8811.99, -1130.58
4, 4, 42.00, 6.07, 8853.07, -1139.34
5, 5, 52.50, 6.07, 8904.41, -1150.28
4, 4, 42.00, 6.07, 8945.49, -1159.04
5, 5, 52.50, 6.07, 8996.84, -1169.98
4, 5, 47.25, 6.00, 9042.25, -1183.04
5, 4, 47.25, 6.07, 9088.46, -1192.89
4, 5, 47.25, 6.00, 9133.87, -1205.95
5, 5, 52.50, 6.00, 9184.33, -1220.45
4, 4, 42.00, 6.00, 9224.69, -1232.06
5, 5, 52.50, 6.00, 9275.14, -1246.57
5, 4, 47.25, 6.07, 9321.36, -1256.42
4, 5, 47.25, 6.00, 9366.77, -1269.48
5, 4, 47.25, 6.07, 9412.98, -1279.33
5, 4, 47.25, 6.14, 9459.77, -1285.92
5, 5, 52.50, 6.14, 9511.75, -1293.25
4, 4, 42.00, 6.14, 9553.34, -1299.11
5, 5, 52.50, 6.14, 9605.33, -1306.43
4, 5, 47.25, 6.07, 9651.54, -1316.28
5, 4, 47.25, 6.14, 9698.33, -1322.88
5, 5, 52.50, 6.14, 9750.31, -1330.20
4, 5, 47.25, 6.07, 9796.53, -1340.05
4, 4, 42.00, 6.07, 9837.60, -1348.81
5, 5, 52.50, 6.07, 9888.95, -1359.75
5, 5, 52.50, 6.07, 9940.30, -1370.70
4, 4, 42.00, 6.07, 9981.37, -1379.45
5, 5, 52.50, 6.07, 10032.72, -1390.40
4, 5, 47.25, 6.00, 10078.13, -1403.45
5, 4, 47.25, 6.07, 10124.34, -1413.30
4, 5, 47.25, 6.00, 10169.75, -1426.36
5, 5, 52.50, 6.00, 10220.21, -1440.87
5, 4, 47.25, 6.07, 10266.42, -1450.72
4, 5, 47.25, 6.00, 10311.83, -1463.78
5, 5, 52.50, 6.00, 10362.29, -1478.29
4, 4, 42.00, 6.00, 10402.65, -1489.89
5, 5, 52.50, 6.00, 10453.10, -1504.40
4, 5, 47.25, 5.93, 10497.49, -1520.60
5, 4, 47.25, 6.00, 10542.90, -1533.66
5, 5, 52.50, 6.00, 10593.36, -1548.17
5, 4, 47.25, 6.07, 10639.57, -1558.02
5, 4, 47.25, 6.14, 10686.36, -1564.61
4, 5, 47.25, 6.07, 10732.57, -1574.46
5, 5, 52.50, 6.07, 10783.91, -1585.41
4, 4, 42.00, 6.07, 10824.99, -1594.16
5, 5, 52.50, 6.07, 10876.34, -1605.11
4, 5, 47.25, 6.00, 10921.75, -1618.16
5, 4, 47.25, 6.07, 10967.96, -1628.01
4, 5, 47.25, 6.00, 11013.37, -1641.07
5, 5, 52.50, 6.00, 11063.83, -1655.58
4, 5, 47.25, 5.93, 11108.21, -1671.78
5, 4, 47.25, 6.00, 11153.62, -1684.84
5, 5, 52.50, 6.00, 11204.08, -1699.35
4, 4, 42.00, 6.00, 11244.44, -1710.96
5, 5, 52.50, 6.00, 11294.90, -1725.46
5, 4, 47.25, 6.07, 11341.11, -1735.31
5, 4, 47.25, 6.14, 11387.90, -1741.91
5, 5, 52.50, 6.14, 11439.88, -1749.23
5, 4, 47.25, 6.21, 11487.02, -1752.54
4, 5, 47.25, 6.14, 11533.80, -1759.13
5, 5, 52.50, 6.14, 11585.79, -1766.46
4, 4, 42.00, 6.14, 11627.38, -1772.32
5, 5, 52.50, 6.14, 11679.37, -1779.65
5, 5, 52.50, 6.14, 11731.35, -1786.97
4, 5, 47.25, 6.07, 11777.56, -1796.82
5, 4, 47.25, 6.14, 11824.35, -1803.41
4, 5, 47.25, 6.07, 11870.56, -1813.26
5, 5, 52.50, 6.07, 11921.91, -1824.21
4, 4, 42.00, 6.07, 11962.99, -1832.96
5, 5, 52.50, 6.07, 12014.33, -1843.91
4, 5, 47.25, 6.00, 12059.75, -1856.97
5, 4, 47.25, 6.07, 12105.96, -1866.82
4, 5, 47.25, 6.00, 12151.37, -1879.87
5, 5, 52.50, 6.00, 12201.82, -1894.38
4, 4, 42.00, 6.00, 12242.19, -1905.99
5, 5, 52.50, 6.00, 12292.64, -1920.50
4, 5, 47.25, 5.93, 12337.03, -1936.70
5, 5, 52.50, 5.93, 12386.34, -1954.70
4, 4, 42.00, 5.93, 12425.80, -1969.10
5, 5, 52.50, 5.93, 12475.12, -1987.11
5, 5, 52.50, 5.93, 12524.43, -2005.11
4, 4, 42.00, 5.93, 12563.89, -2019.51
5, 5, 52.50, 5.93, 12613.20, -2037.51
4, 5, 47.25, 5.86, 12656.35, -2056.78
5, 4, 47.25, 5.93, 12700.73, -2072.98
4, 5, 47.25, 5.86, 12743.88, -2092.25
5, 4, 47.25, 5.93, 12788.26, -2108.45
5, 5, 52.50, 5.93, 12837.58, -2126.45
5, 4, 47.25, 6.00, 12882.99, -2139.51
5, 4, 47.25, 6.07, 12929.20, -2149.36
5, 5, 52.50, 6.07, 12980.55, -2160.30
4, 4, 42.00, 6.07, 13021.63, -2169.06
5, 5, 52.50, 6.07, 13072.97, -2180.00
5, 5, 52.50, 6.07, 13124.32, -2190.95
4, 5, 47.25, 6.00, 13169.73, -2204.00
5, 4, 47.25, 6.07, 13215.94, -2213.85
4, 5, 47.25, 6.00, 13261.35, -2226.91
5, 5, 52.50, 6.00, 13311.81, -2241.42
5, 4, 47.25, 6.07, 13358.02, -2251.27
4, 5, 47.25, 6.00, 13403.43, -2264.33
5, 5, 52.50, 6.00, 13453.88, -2278.84
5, 4, 47.25, 6.07, 13500.10, -2288.69
4, 5, 47.25, 6.00, 13545.51, -2301.74
4, 4, 42.00, 6.00, 13585.87, -2313.35
4, 4, 42.00, 6.00, 13626.24, -2324.96
4, 4, 42.00, 6.00, 13666.60, -2336.56
5, 4, 47.25, 6.07, 13712.81, -2346.41
4, 4, 42.00, 6.07, 13753.89, -2355.17
-1, -2, -15.75, 6.14, 13738.29, -2352.97
0, 0, 0.00, 6.14, 13738.29, -2352.97
0, 0, 0.00, 6.14, 13738.29, -2352.97
